Pop_women2020
100000
99678
99640
99628
99621
99615
99607
99599
99596
99587
99586
99580
99575
99566
99557
99547
99535
99523
99508
99494
99480
99462
99436
99414
99397
99386
99366
99346
99325
99298
99280
99257
99227
99196
99158
99117
99075
99040
98987
98926
98871
98804
98730
98671
98591
98487
98388
98273
98144
98007
97859
97700
97509
97313
97102
96873
96614
96322
96006
95667
95270
94886
94401
93844
93242
92584
91889
91129
90304
89384
88393
87361
86201
84932
83573
82122
80436
78545
76555
74326
71862
69266
66316
63145
59713
55928
51996
47581
42886
38086
33292
28342
23705
19365
15402
11901
9004
6535
4537
3098