Pop_men2020
100000
99622
99576
99562
99544
99533
99529
99519
99515
99510
99506
99503
99496
99492
99484
99465
99449
99432
99416
99390
99359
99324
99289
99256
99224
99181
99147
99117
99070
99027
98987
98926
98882
98838
98778
98723
98650
98574
98512
98416
98326
98244
98143
98019
97905
97788
97659
97484
97318
97115
96900
96677
96399
96090
95755
95423
95076
94720
94310
93850
93320
92696
92016
91301
90518
89567
88597
87504
86328
85057
83671
82213
80540
78761
76829
74809
72412
69833
67093
64096
60879
57466
53813
50094
45992
41730
37528
33140
28652
24369
20139
16283
12902
9925
7481
5395
3717
2557
1659
1017